
U1n = 220;
Pn = 22000;
nn = 716;
lambdak = 3;
etan = 0.87;
cosfn = 0.82;
E2n = 102;
I2n = 140;

t = 0.8;
q1 = 0.85;
q2 = 3;
h1 = 1.05;
h3 = 0.25;